MAZE GAME - LEVEL MAPS
=======================

LEGEND
------
0  = Empty (walkable)
1  = Wall
10 = Start
20 = Exit

LEVEL 1 MAP (24x24)
-------------------

     0  1  2  3  4  5  6  7  8  9 10 11 12 13 14 15 16 17 18 19 20 21 22 23
  0: 1  1  1  1  1  1  1  1  1  1  1  1  1  1  1  1  1  1  1  1  1  1  1  1
  1: 1 10  0  0  0  1  0  0  0  0  0  0  0  0  0  0  0  0  0  0  0  0  0  1
  2: 1  0  1  1  0  1  0  1  1  1  1  1  0  1  1  1  1  1  0  1  1  1  0  1
  3: 1  0  1  0  0  0  0  1  0  0  0  0  0  1  0  0  0  1  0  0  0  1  0  1
  4: 1  0  1  0  1  1  1  1  0  1  1  1  0  1  0  1  0  1  1  1  0  1  0  1
  5: 1  0  0  0  1  0  0  0  0  1  0  0  0  1  0  1  0  0  0  0  0  0  0  1
  6: 1  1  1  0  1  0  1  1  1  1  0  1  1  1  0  1  1  1  1  1  1  1  0  1
  7: 1  0  0  0  1  0  0  0  0  0  0  0  0  0  0  0  0  0  0  0  0  1  0  1
  8: 1  0  1  1  1  1  1  0  1  1  1  1  1  1  1  1  1  0  1  1  0  1  0  1
  9: 1  0  0  0  0  0  1  0  0  0  0  0  0  0  0  0  0  0  1  0  0  0  0  1
 10: 1  1  1  1  1  0  1  1  1  1  0  1  1  1  0  1  1  1  1  1  1  1  1  1
 11: 1  0  0  0  0  0  0  0  0  1  0  0  0  1  0  0  0  0  0  0  0  0  0  1
 12: 1  0  1  1  1  1  1  1  0  1  0  1  0  1  0  1  1  1  1  1  1  1  0  1
 13: 1  0  1  0  0  0  0  0  0  0  0  1  0  0  0  0  0  0  0  0  0  1  0  1
 14: 1  0  1  0  1  1  1  1  1  1  1  1  0  1  1  1  1  1  1  1  0  1  0  1
 15: 1  0  1  0  0  0  0  0  0  0  0  0  0  1  0  0  0  0  0  1  0  0  0  1
 16: 1  0  1  1  1  1  1  0  1  1  1  1  1  1  0  1  1  1  0  1  1  1  1  1
 17: 1  0  0  0  0  0  1  0  0  0  0  0  0  0  0  1  0  0  0  0  0  0  0  1
 18: 1  1  1  1  1  0  1  1  1  0  1  1  1  1  1  1  0  1  1  1  1  1  0  1
 19: 1  0  0  0  0  0  0  0  1  0  0  0  0  0  0  0  0  1  0  0  0  0  0  1
 20: 1  0  1  1  1  1  1  0  1  1  1  1  1  1  1  1  1  1  1  1  1  1  0  1
 21: 1  0  1  0  0  0  0  0  0  0  0  0  0  0  0  0  0  0  0  0  0  1  0  1
 22: 1  0  0  0  1  1  1  1  1  1  1  1 20  1  1  1  1  1  1  1  0  1  0  1
 23: 1  1  1  1  1  1  1  1  1  1  1  1  1  1  1  1  1  1  1  1  1  1  1  1

Start: Row 1, Column 1
Exit:  Row 22, Column 12


LEVEL 2 MAP (24x24) - WIDE OPEN CORRIDORS
------------------------------------------

     0  1  2  3  4  5  6  7  8  9 10 11 12 13 14 15 16 17 18 19 20 21 22 23
  0: 1  1  1  1  1  1  1  1  1  1  1  1  1  1  1  1  1  1  1  1  1  1  1  1
  1: 1 10  0  0  0  0  0  0  0  1  0  0  0  0  0  1  0  0  0  0  0  0  0  1
  2: 1  0  0  0  0  0  0  0  0  1  0  0  0  0  0  1  0  0  0  0  0  0  0  1
  3: 1  0  0  1  1  1  1  0  0  1  0  0  1  0  0  1  0  0  1  1  1  0  0  1
  4: 1  0  0  1  0  0  1  0  0  0  0  0  1  0  0  0  0  0  1  0  1  0  0  1
  5: 1  0  0  1  0  0  1  0  0  1  1  1  1  1  1  1  0  0  1  0  1  0 30  1
  6: 1  0  0  1  0  0  1  0  0  0  0  0  0  0  0  0  0  0  1  0  1  0  0  1
  7: 1  0  0  0  0  0  0  0  0  0  0  0  0  0  0  0  0  0  0  0  0  0  0  1
  8: 1  0  0  0  0  0  0  0  0  1  1  1  1  1  1  1  0  0  1  1  1  1  0  1
  9: 1  0  0  1  1  0  1  1  0  1  0  0  0  0  0  1  0  0  0  0  0 31  0  1
 10: 1  0  0  1 40  0  0  1  0  1  0  0  0  0  0  1  0  0  0  0  0  1  0  1
 11: 1  0  0  1  0  0  0  1  0  1  0  0 60  0  0  1  0  0  1  1  1  1  0  1
 12: 1  0  0  1  1  1  1  1  0  1  0  0  0  0  0  0  0  0  0  0  0  0  0  1
 13: 1  0  0  0  0  0  0  0  0  1  0  0  0  0  0  0  0  0  0  0  0  0  0  1
 14: 1  0  0  0  0  0  0  0  0  1  1  1  1  1  1  1  1  1  1  0  0  0  0  1
 15: 1  0  0  1  1  1  1  1  0  0  0  0  0  0  0  0  0  0  1  0 41  0  0  1
 16: 1  0  0  1  0  0  0  1  0  0  0  0  0  0  0  0  0  0  1  0  0  0  0  1
 17: 1  0  0  1  0  0  0  1  0  0  1  1  1  1  1  1  0  0  1  1  1  1  0  1
 18: 1  0  0  1  0 32  0  1  0  0  1  0  0  0  0  1  0  0  0  0  0  1  0  1
 19: 1  0  0  1  1  1  1  1  0  0  1  0  0  0  0  1  0  0  0  0  0  1  0  1
 20: 1  0  0  0  0  0  0  0  0  0  1  0  0  0  0  1  0  0  1  1  1  1  0  1
 21: 1  0  0  0  0  0  0  0  0  0  1  0  0  0  0  0  0  0  0  0  0  0 42  1
 22: 1  0  1  1  1  1  1  1  1  1  1  1 20  1  1  1  1  1  1  1  1  1  1  1
 23: 1  1  1  1  1  1  1  1  1  1  1  1  1  1  1  1  1  1  1  1  1  1  1  1

Start: Row 1, Column 1
Exit:  Row 22, Column 12

Features: Wide open spaces, large corridors, strategic wall placement
Items: 30=Enemy1, 31=Enemy2, 32=Enemy3, 40=Health, 41=Ammo, 42=Key, 60=Door


LEVEL 3 MAP (24x24) - TIGHT NARROW MAZE
----------------------------------------

     0  1  2  3  4  5  6  7  8  9 10 11 12 13 14 15 16 17 18 19 20 21 22 23
  0: 1  1  1  1  1  1  1  1  1  1  1  1  1  1  1  1  1  1  1  1  1  1  1  1
  1: 1 10  0  1  0  0  0  1  0  1  0  0  0  1  0  0  0  1  0  1  0  0  0  1
  2: 1  1  0  1  0  1  0  1  0  1  0  1  0  1  0  1  1  1  0  1  0  1  0  1
  3: 1  0  0  1  0  1  0  0  0  1  0  1  0  0  0  1  0  0  0  1  0  1  0  1
  4: 1  0  1  1  0  1  1  1  1  1  0  1  1  1  0  1  0  1  1  1  0  1  0  1
  5: 1  0  0  0  0  1  0  0  0  0  0  0  0  1  0  0  0  1  0  0  0  1 30  1
  6: 1  1  1  1  0  1  0  1  1  1  1  1  0  1  1  1  0  1  0  1  1  1  1  1
  7: 1  0  0  1  0  0  0  1  0  0  0  1  0  0  0  1  0  0  0  1  0  0  0  1
  8: 1  0  1  1  1  1  1  1  0  1  0  1  0  1  0  1  1  1  1  1  0  1  0  1
  9: 1  0  0  0  0  1  0  0  0  1  0  0  0  1  0  0  0  0  0  0  0  1 31  1
 10: 1  1  1  1  0  1  0  1  1  1  1  1  1  1  1  1  1  1  1  1  1  1  0  1
 11: 1  0  0  0  0  1  0  0  0  0  0  1 40  0  0  0  0  1  0  0  0  0  0  1
 12: 1  0  1  1  1  1  1  1  1  1  0  1  0  1  1  1  0  1  0  1  1  1  1  1
 13: 1  0  1  0  0  0  0  0  0  1  0  0  0  0  0  1  0  0  0  0  0  0 60  1
 14: 1  0  1  0  1  1  1  1  0  1  1  1  1  1  0  1  1  1  1  1  1  1  1  1
 15: 1  0  0  0  1  0  0  0  0  0  0  0  0  1  0  0  0  1  0  0  0  0  0  1
 16: 1  1  1  0  1  0  1  1  1  1  1  1  0  1  0  1  0  1  0  1  1  1  0  1
 17: 1  0  0  0  1  0  1  0  0  0  0  1  0  0  0  1  0  0  0  1 32  0  0  1
 18: 1  0  1  1  1  0  1  0  1  1  0  1  1  1  1  1  1  1  0  1  1  1  0  1
 19: 1  0  1  0  0  0  1  0  1  0  0  0  0  0  0  0  0  1  0  0  0  1 41  1
 20: 1  0  1  0  1  1  1  0  1  0  1  1  1  1  1  1  0  1  1  1  0  1  1  1
 21: 1  0  0  0  1  0  0  0  1  0  0  0  0  0  0  0  0  0  0  0  0  0 42  1
 22: 1  1  1  0  1  0  1  1  1  1  1  1 20  1  1  1  1  1  1  1  1  1  1  1
 23: 1  1  1  1  1  1  1  1  1  1  1  1  1  1  1  1  1  1  1  1  1  1  1  1

Start: Row 1, Column 1
Exit:  Row 22, Column 12

Features: Extremely tight 1-tile corridors, complex winding paths, maximum difficulty
Items: 30=Enemy1, 31=Enemy2, 32=Enemy3, 40=Health, 41=Ammo, 42=Key, 60=Door


END OF MAPS
===========
